0,237.9516,116.92644,0.0,0.0,237.35637,114.09843,0.0,0.0,232.39157,114.1089,215.39926,127.73297,231.52336,132.48611,0.0,0.0,238.24455,156.24817,0.0,0.0,242.02766,143.06609,213.68694,169.38605,227.92285,172.11998,219.0468,202.92668,243.80428,201.84329,216.5092,236.97157,240.1751,235.3015
1,240.49777,116.40534,0.0,0.0,239.90927,113.70074,0.0,0.0,235.65771,114.07131,219.70433,126.73994,233.5854,133.24693,0.0,0.0,240.38348,156.3033,0.0,0.0,243.96141,142.75514,217.07536,170.48296,229.84326,173.97124,220.02321,204.45747,245.96773,201.72507,216.51486,237.77603,248.06433,235.3931
2,246.4326,118.11487,0.0,0.0,244.46324,114.50296,0.0,0.0,238.85901,114.90094,221.18587,127.38577,238.08623,133.84206,0.0,0.0,242.87865,157.53339,0.0,0.0,0.0,0.0,220.34697,172.84682,233.62938,174.804,220.76714,206.56001,247.29092,203.74042,217.5505,238.30391,256.12775,234.69196
3,248.33052,118.40208,0.0,0.0,247.34521,115.018715,0.0,0.0,242.49208,115.43244,223.31483,127.17062,240.88432,134.97714,0.0,0.0,245.75826,156.92422,0.0,0.0,0.0,0.0,223.29265,172.75822,236.34767,174.80989,223.73012,206.21219,248.97563,204.16002,218.43875,237.55188,261.99286,234.28313
4,0.0,0.0,0.0,0.0,251.9127,115.91997,0.0,0.0,246.82133,116.15005,229.76524,128.78159,244.47638,135.54138,0.0,0.0,248.09856,158.13103,0.0,0.0,0.0,0.0,228.21547,172.77916,240.48045,175.13074,227.82907,205.22052,253.93147,204.42256,219.13026,236.12053,267.03186,234.56137
5,0.0,0.0,0.0,0.0,0.0,0.0,0.0,0.0,250.42253,116.264496,232.96623,127.88133,248.10484,136.05351,0.0,0.0,253.36253,159.36034,0.0,0.0,0.0,0.0,232.35902,175.10318,244.58757,177.42697,231.19826,204.84508,257.9901,203.67116,219.54524,234.5789,268.49933,234.58247
6,0.0,0.0,0.0,0.0,0.0,0.0,0.0,0.0,254.32806,116.75354,237.24765,129.09747,251.9684,136.15898,0.0,0.0,258.4325,157.92015,0.0,0.0,0.0,0.0,234.31856,176.15509,247.26308,177.90291,232.55566,206.73987,263.13876,204.37857,220.20177,233.20694,270.20227,236.14342
7,0.0,0.0,0.0,0.0,0.0,0.0,0.0,0.0,259.5567,116.50604,240.93828,128.71632,256.65485,135.72952,0.0,0.0,261.87125,158.40501,0.0,0.0,0.0,0.0,238.03487,174.66205,252.00389,176.40451,238.02011,204.92659,267.11115,202.00507,224.07484,231.09825,271.18265,235.75577
8,0.0,0.0,0.0,0.0,0.0,0.0,0.0,0.0,263.90182,115.52742,245.29015,127.17426,260.97302,134.7552,0.0,0.0,266.23138,156.86842,0.0,0.0,0.0,0.0,242.35329,172.02675,255.7386,174.29594,244.11455,204.03168,270.3152,202.2741,227.80125,229.6481,272.05188,234.88988
9,0.0,0.0,0.0,0.0,0.0,0.0,0.0,0.0,266.97577,115.12999,249.46506,126.58005,263.9398,134.43452,0.0,0.0,269.37494,156.7907,0.0,0.0,0.0,0.0,247.6764,171.83012,260.9408,173.03711,249.47171,205.60995,271.80176,203.1967,233.19206,224.90973,271.7995,235.76854
10,0.0,0.0,0.0,0.0,0.0,0.0,0.0,0.0,270.23077,114.22844,251.97664,125.78316,268.39664,133.10155,0.0,0.0,273.26984,156.2014,0.0,0.0,0.0,0.0,249.54674,168.46939,262.30847,171.47426,253.78194,203.10114,272.64273,202.50397,239.16856,222.00038,272.04865,235.37909
11,0.0,0.0,0.0,0.0,0.0,0.0,0.0,0.0,273.64905,113.00928,254.98087,125.62616,271.64856,132.2554,0.0,0.0,276.7765,155.201,0.0,0.0,0.0,0.0,252.11397,167.30333,265.2553,169.87196,261.25568,200.61345,274.46225,201.45882,246.33391,220.14197,271.90338,235.4115
12,0.0,0.0,0.0,0.0,0.0,0.0,0.0,0.0,276.49377,112.18565,257.7753,124.67894,274.73557,131.32825,0.0,0.0,279.81882,154.80907,0.0,0.0,0.0,0.0,255.24167,168.77107,268.79266,170.58423,266.97073,199.20982,275.05515,201.36227,253.0211,219.03578,272.84152,235.59978
13,0.0,0.0,0.0,0.0,0.0,0.0,0.0,0.0,278.82205,111.67825,260.41025,124.04094,277.4342,131.01587,0.0,0.0,282.62476,153.15495,0.0,0.0,0.0,0.0,257.3357,167.53531,269.58844,169.79546,271.6347,197.30635,276.35678,200.22548,258.42026,220.36884,272.5136,234.94997
14,0.0,0.0,0.0,0.0,284.6945,109.539215,0.0,0.0,281.46463,110.85913,262.46738,123.08554,279.91052,129.60178,0.0,0.0,284.36594,151.98566,0.0,0.0,0.0,0.0,259.86304,165.27205,272.10922,167.53178,274.10403,196.16975,277.42923,198.38104,263.84503,222.26,271.85257,234.13466
15,0.0,0.0,0.0,0.0,286.86658,108.984055,0.0,0.0,283.35645,110.62224,265.0225,123.50985,282.18576,129.72849,0.0,0.0,286.8676,151.57144,0.0,0.0,0.0,0.0,263.0822,163.65079,274.78564,165.19662,274.39783,194.82324,278.66885,197.95036,270.1025,223.61595,272.4499,233.85646
16,0.0,0.0,0.0,0.0,0.0,0.0,0.0,0.0,286.07022,110.379425,267.4646,123.16965,284.52423,129.38719,0.0,0.0,288.79205,151.49248,0.0,0.0,286.7941,165.0671,265.13458,164.27919,277.1571,166.99945,280.6506,195.71307,280.27554,198.03175,280.64343,226.75554,272.12164,234.9004
17,0.0,0.0,0.0,0.0,291.86078,108.98215,0.0,0.0,287.75412,111.08636,270.3006,123.46416,286.6368,129.8555,0.0,0.0,292.25873,150.87076,0.0,0.0,0.0,0.0,268.26303,167.14838,279.8864,169.21272,285.46008,196.99013,279.87314,199.79488,285.50867,229.25334,271.99225,235.07112
18,0.0,0.0,0.0,0.0,0.0,0.0,0.0,0.0,290.7995,111.7775,273.6464,124.875084,288.7517,129.80675,0.0,0.0,295.90323,149.0942,0.0,0.0,0.0,0.0,270.84576,166.97105,282.47943,169.37166,288.7309,198.47554,280.1134,200.3006,293.8054,229.2545,272.02426,234.00282
19,0.0,0.0,0.0,0.0,0.0,0.0,0.0,0.0,291.79535,112.29386,275.68872,125.37645,286.84106,127.86029,0.0,0.0,297.4081,140.47139,0.0,0.0,297.46112,125.23884,276.0446,168.31355,285.49167,169.91222,290.81982,200.1694,282.2879,202.03993,299.16592,229.74387,272.4843,233.95952
20,0.0,0.0,0.0,0.0,0.0,0.0,0.0,0.0,294.53156,113.304794,277.73962,127.25165,292.6942,132.04666,0.0,0.0,300.8171,151.86536,0.0,0.0,305.40796,166.80502,278.0636,170.80421,289.02142,172.66002,292.65717,201.47963,283.6189,203.29382,302.96664,230.07463,272.231,234.84126
21,0.0,0.0,0.0,0.0,0.0,0.0,0.0,0.0,296.68057,113.593506,281.02603,126.83966,294.2722,131.65645,0.0,0.0,0.0,0.0,0.0,0.0,0.0,0.0,282.23022,171.39488,290.6596,172.59909,295.47638,202.70398,287.047,202.70398,306.31415,230.40047,272.59665,234.01305
22,0.0,0.0,0.0,0.0,302.97272,112.20902,0.0,0.0,299.36816,114.61207,282.5468,127.82884,298.16663,132.63495,0.0,0.0,305.3758,153.06087,0.0,0.0,0.0,0.0,284.94986,173.48679,290.9575,174.68831,300.56967,203.5249,288.55444,203.5249,307.7788,232.36148,274.13614,232.36148
23,0.0,0.0,0.0,0.0,0.0,0.0,0.0,0.0,302.74597,113.11212,285.7796,127.74187,301.9994,131.9672,0.0,0.0,309.3297,154.43922,0.0,0.0,0.0,0.0,286.94153,172.78831,296.94205,174.79239,302.33554,203.62706,292.01547,203.96632,309.2921,232.53508,276.57095,230.56248
24,0.0,0.0,0.0,0.0,0.0,0.0,0.0,0.0,303.98718,113.152695,288.5567,127.391075,305.16772,132.74385,0.0,0.0,312.85114,154.6782,0.0,0.0,308.62793,172.57423,289.14636,170.1717,299.2432,171.8977,301.6243,202.168,298.6399,202.74535,308.72992,231.81813,279.0744,227.67186
25,0.0,0.0,0.0,0.0,0.0,0.0,0.0,0.0,307.20016,113.00453,290.5232,126.55825,307.9581,131.97304,0.0,0.0,314.92923,152.1045,0.0,0.0,0.0,0.0,292.44305,168.32869,302.55936,170.27936,305.23428,201.30437,305.23846,202.08112,309.12787,231.90002,283.9573,226.0879
26,0.0,0.0,0.0,0.0,0.0,0.0,0.0,0.0,309.91565,112.33714,294.27512,126.22422,310.2027,129.9842,0.0,0.0,317.45554,150.26158,0.0,0.0,0.0,0.0,295.40628,167.88242,305.8857,169.2748,306.14267,199.5199,309.6543,200.05315,309.32535,231.67204,289.651,222.97527
27,0.0,0.0,0.0,0.0,0.0,0.0,0.0,0.0,312.83994,111.344505,297.04276,125.08719,313.02893,129.61433,0.0,0.0,319.33942,150.37065,0.0,0.0,320.89417,165.52826,298.5733,167.26436,309.41397,168.59995,306.50586,199.25952,314.87576,199.69617,308.9848,231.25807,295.2636,219.74792
28,0.0,0.0,0.0,0.0,0.0,0.0,0.0,0.0,315.39102,110.304184,300.13147,125.29239,315.82123,128.71326,0.0,0.0,320.84424,149.68625,0.0,0.0,322.40088,166.0389,300.12616,166.90929,311.5085,168.0336,308.95657,200.32921,320.12518,201.31151,308.9863,230.65984,301.02728,218.57512
29,0.0,0.0,0.0,0.0,0.0,0.0,0.0,0.0,317.34842,109.768906,302.61145,124.53277,317.3522,127.962875,0.0,0.0,322.52313,147.90276,0.0,0.0,324.3203,164.17522,302.61676,165.45634,312.25854,166.61923,309.36227,196.8036,321.8896,197.40749,307.71365,230.3875,305.40405,216.70128
30,0.0,0.0,0.0,0.0,0.0,0.0,0.0,0.0,319.7055,109.25474,303.49243,124.332504,318.9487,126.96448,0.0,0.0,324.6124,148.07907,0.0,0.0,326.18933,164.70148,303.09027,165.4321,314.41516,166.2026,310.28513,198.24564,326.87344,195.98698,309.89487,232.92381,311.42203,218.92117
31,0.0,0.0,0.0,0.0,0.0,0.0,0.0,0.0,321.98535,109.392166,307.91925,124.02369,320.87576,126.77275,0.0,0.0,326.3924,148.01418,0.0,0.0,329.14178,165.36436,307.0606,166.76457,318.07358,167.5922,312.05576,200.71872,331.3699,196.8572,309.02057,232.47249,318.11038,221.16055
32,0.0,0.0,0.0,0.0,0.0,0.0,0.0,0.0,324.72775,110.365204,310.5513,124.33977,323.4086,127.70238,0.0,0.0,327.74454,149.51535,0.0,0.0,331.67175,165.0729,308.6679,166.30698,320.01984,167.41658,312.4063,199.69058,334.03558,194.65544,309.4297,231.74916,324.7007,225.03537
33,0.0,0.0,0.0,0.0,0.0,0.0,0.0,0.0,326.45667,110.579956,313.5076,124.72399,324.8421,127.83952,0.0,0.0,328.8271,149.40884,0.0,0.0,333.86984,166.71457,312.31882,167.43732,322.46603,169.3755,312.3186,200.75279,337.03326,195.72098,309.2027,231.8544,332.29498,227.9811
34,334.72516,112.05022,0.0,0.0,333.54425,109.04614,0.0,0.0,329.19687,110.81165,316.36728,124.760155,328.46088,129.00922,0.0,0.0,332.0804,151.73663,0.0,0.0,337.08157,168.16914,314.93115,166.6914,325.9903,168.86171,314.61655,200.1997,338.43784,196.66158,309.24316,231.22466,340.5901,228.38112
35,0.0,0.0,0.0,0.0,0.0,0.0,0.0,0.0,332.06693,112.2955,318.2931,126.06932,329.77127,129.51277,0.0,0.0,333.21472,151.32133,0.0,0.0,337.806,169.68642,317.14526,167.3908,327.47565,169.68642,315.99747,199.52971,338.95383,198.38188,309.11053,230.5208,346.98856,228.22514
36,0.0,0.0,0.0,0.0,0.0,0.0,0.0,0.0,334.5998,112.73119,321.18347,126.72873,332.84354,130.22672,0.0,0.0,336.33948,152.92937,0.0,0.0,342.1746,170.42778,321.19257,170.43315,331.68738,171.5587,317.69812,201.31035,341.00867,200.72968,310.70947,231.02751,352.66333,228.69981
37,0.0,0.0,0.0,0.0,0.0,0.0,0.0,0.0,337.30762,112.834015,323.8445,126.87868,336.7262,130.97928,0.0,0.0,340.28418,153.85997,0.0,0.0,344.748,170.77672,325.00208,171.34282,337.87662,173.68274,320.3235,201.20665,345.5007,201.20451,310.97415,230.464,355.44803,229.29436
38,0.0,0.0,0.0,0.0,0.0,0.0,0.0,0.0,340.46857,113.137375,325.04327,128.59917,340.519,132.169,0.0,0.0,344.64142,151.18515,0.0,0.0,0.0,0.0,326.81024,170.2087,339.28174,171.39728,324.43497,200.5324,349.3946,199.93306,311.35358,229.06001,356.52637,230.23288
39,0.0,0.0,0.0,0.0,347.4544,112.44462,0.0,0.0,342.15033,113.61578,329.1739,127.78146,343.32553,131.31761,0.0,0.0,346.31744,151.95195,0.0,0.0,0.0,0.0,329.78094,170.79256,342.14798,171.99303,326.8235,200.86455,352.76,199.71136,313.25787,227.4182,357.4779,230.9546
40,352.57852,114.8123,0.0,0.0,351.33783,112.40442,0.0,0.0,347.06458,113.615875,331.9976,127.47491,347.05438,131.1107,0.0,0.0,350.90698,152.93489,0.0,0.0,355.02625,170.51524,334.98636,171.54366,346.4499,172.11205,333.17377,200.46242,355.5074,199.22517,318.11084,224.56328,358.5075,230.59775
41,0.0,0.0,0.0,0.0,0.0,0.0,0.0,0.0,349.02728,112.75707,333.9417,127.22228,349.6265,130.24168,0.0,0.0,353.19382,152.0815,0.0,0.0,356.27744,168.32964,336.35022,169.47246,347.81152,170.66998,338.74347,199.67332,356.86523,198.45036,323.0832,220.77872,358.07477,230.43253
42,0.0,0.0,0.0,0.0,356.56116,111.32853,0.0,0.0,351.8398,112.508865,336.49542,126.67291,353.02017,130.21393,334.13477,145.5583,357.74152,150.27966,0.0,0.0,0.0,0.0,340.03644,167.98473,351.8398,169.16505,344.7578,198.67351,358.92184,198.67351,328.23306,217.5589,358.92184,229.36227
43,0.0,0.0,0.0,0.0,0.0,0.0,0.0,0.0,355.29666,111.58614,338.693,126.022156,356.54132,129.27184,0.0,0.0,361.58688,149.78137,0.0,0.0,0.0,0.0,341.91635,168.09047,353.6838,169.36864,350.65698,198.12926,360.2573,198.16484,334.51816,215.36256,359.1541,230.45331
44,0.0,0.0,0.0,0.0,0.0,0.0,0.0,0.0,357.3122,110.69849,341.1407,125.40041,358.76328,128.32716,0.0,0.0,363.47263,148.98035,0.0,0.0,0.0,0.0,344.03757,166.91034,355.5352,168.38843,354.35925,195.17206,361.12836,197.20589,340.22394,215.1784,359.3615,230.48785
45,0.0,0.0,0.0,0.0,0.0,0.0,0.0,0.0,359.6576,109.75885,343.38745,124.84892,360.85114,127.227165,0.0,0.0,365.60873,149.04839,0.0,0.0,366.8382,169.4943,346.16287,164.94014,357.28336,166.9174,357.2852,194.68436,361.2157,195.51677,344.95575,214.92043,359.25232,229.68459
46,0.0,0.0,0.0,0.0,0.0,0.0,0.0,0.0,361.76068,109.77217,345.78418,124.54794,363.4932,127.168396,0.0,0.0,367.89188,149.25072,0.0,0.0,368.13174,168.92844,348.0542,163.0583,359.4176,164.86206,355.6842,192.1366,362.05765,194.76729,350.73596,216.54616,358.54352,229.58208
47,0.0,0.0,0.0,0.0,0.0,0.0,0.0,0.0,363.62845,109.118,347.1502,124.442566,365.7163,126.2116,0.0,0.0,369.85776,148.08339,0.0,0.0,370.13208,167.02759,350.05124,162.42844,361.25778,163.9398,354.82324,192.18854,361.59137,195.11531,353.3686,218.64088,358.33344,229.28333
48,0.0,0.0,0.0,0.0,0.0,0.0,0.0,0.0,365.02286,109.93614,349.19522,125.11087,366.56354,127.59266,0.0,0.0,370.89532,148.04251,0.0,0.0,0.0,0.0,351.67816,161.66405,363.74347,163.19582,362.15552,192.64737,364.4232,194.14842,362.63077,222.91939,358.1926,229.17088
49,0.0,0.0,0.0,0.0,0.0,0.0,0.0,0.0,367.47723,110.3227,351.0125,124.40555,370.1965,126.51934,0.0,0.0,373.4788,147.8788,0.0,0.0,0.0,0.0,353.08896,161.75768,365.3045,163.6587,369.52853,192.12404,364.47076,193.94344,368.72375,223.62749,358.46918,229.6267
50,0.0,0.0,0.0,0.0,0.0,0.0,0.0,0.0,369.37918,110.994934,352.8424,125.97542,372.4231,128.27968,0.0,0.0,376.69772,149.81645,0.0,0.0,375.90808,167.81361,355.16138,163.98201,367.8246,164.40611,370.9084,193.94498,365.1491,196.66875,374.3542,225.10228,358.60925,230.08072
51,0.0,0.0,0.0,0.0,0.0,0.0,0.0,0.0,371.65625,110.81252,355.08466,126.042915,374.6146,128.50354,0.0,0.0,379.10382,148.37212,0.0,0.0,0.0,0.0,357.78333,164.5936,369.88168,165.28491,371.4623,195.81941,366.98575,196.01775,379.53186,226.10799,358.9003,230.14597
52,0.0,0.0,0.0,0.0,0.0,0.0,0.0,0.0,373.7146,111.464455,357.16162,126.730995,376.89172,129.64026,0.0,0.0,380.72443,149.70764,0.0,0.0,0.0,0.0,359.6492,166.10811,371.48798,167.25734,372.60364,197.10397,367.91525,198.23325,382.4781,226.53047,358.47815,229.89479
53,0.0,0.0,0.0,0.0,0.0,0.0,0.0,0.0,376.95535,112.25314,359.23547,127.200836,378.56818,130.42107,0.0,0.0,383.04102,151.33066,0.0,0.0,0.0,0.0,363.14185,166.52544,373.81207,168.08992,373.8139,198.42537,369.07526,199.20592,384.0429,227.95494,359.2383,229.51591
54,0.0,0.0,0.0,0.0,0.0,0.0,0.0,0.0,378.4937,112.94358,361.58026,127.739395,381.22656,131.0557,0.0,0.0,385.23322,151.37048,0.0,0.0,386.19397,166.53326,364.8944,165.13992,376.38318,166.68504,376.07928,195.97249,371.84772,197.77696,384.5188,227.05968,360.07834,227.95352
55,0.0,0.0,0.0,0.0,0.0,0.0,0.0,0.0,380.4411,112.531975,363.4969,127.460144,384.07928,130.67505,0.0,0.0,387.7252,151.68689,0.0,0.0,387.70612,167.87071,366.30365,162.9332,378.02435,165.80519,377.6038,194.81462,375.1366,195.70093,385.29315,227.98225,361.07202,226.76611
56,0.0,0.0,0.0,0.0,0.0,0.0,370.67596,111.30964,382.5802,112.17525,365.67352,127.60347,386.145,129.98274,0.0,0.0,390.58694,151.93321,0.0,0.0,388.5772,168.98448,368.94693,164.07231,381.69934,164.98067,377.81665,196.42654,378.13263,196.72047,385.2447,227.85143,363.6046,224.87282
57,0.0,0.0,0.0,0.0,0.0,0.0,373.1555,110.65857,384.9491,111.19421,368.07587,126.6851,388.22388,129.59679,0.0,0.0,392.29315,150.71547,0.0,0.0,391.9128,166.61374,371.34744,166.1447,383.59512,166.70985,377.1679,197.12138,382.04095,196.74962,385.5012,227.94008,367.50867,221.71716
58,0.0,0.0,0.0,0.0,0.0,0.0,0.0,0.0,386.86536,110.213394,369.86658,125.60209,390.06488,128.8063,0.0,0.0,394.41895,150.11478,0.0,0.0,393.4617,165.77026,371.48083,164.64922,384.56436,166.02852,376.73956,195.8015,388.00894,195.81783,385.242,227.7198,372.19952,216.94792
59,0.0,0.0,0.0,0.0,0.0,0.0,0.0,0.0,389.0122,110.44426,372.11856,124.653244,391.7083,128.4923,0.0,0.0,395.50388,150.342,0.0,0.0,395.2355,165.24077,372.9052,166.5188,385.5216,167.69003,378.2539,197.24652,392.09528,197.24464,384.77905,227.15755,374.83734,212.95093
60,0.0,0.0,0.0,0.0,0.0,0.0,0.0,0.0,390.8031,110.098755,373.47223,124.62576,393.58875,127.41815,0.0,0.0,397.4898,148.63942,0.0,0.0,398.05994,163.73933,374.0429,166.49382,388.00568,167.72075,377.94153,196.11119,396.94727,196.15576,384.1134,228.02795,380.72028,214.576
61,0.0,0.0,0.0,0.0,0.0,0.0,0.0,0.0,392.7611,110.37551,375.07,124.24475,394.98743,127.300354,0.0,0.0,398.3087,148.3369,0.0,0.0,398.8837,163.8328,375.31732,168.50954,389.4412,169.61375,379.75925,198.16292,399.69748,195.96683,384.74396,229.48537,385.01416,214.51613
62,0.0,0.0,0.0,0.0,0.0,0.0,384.06732,109.23768,394.90506,110.372154,377.68896,124.24769,397.12122,126.748474,0.0,0.0,399.90216,147.57799,0.0,0.0,400.4817,163.10815,376.30096,166.99501,390.73932,168.13121,381.01892,197.5539,402.40256,194.49962,384.633,228.38953,389.91367,215.60645
63,0.0,0.0,0.0,0.0,0.0,0.0,0.0,0.0,397.08127,109.900154,379.3094,123.85228,398.76517,126.86181,0.0,0.0,400.96042,146.57004,0.0,0.0,400.96146,163.2829,377.70593,166.20782,391.91104,167.3317,383.11615,196.07243,404.78415,193.35118,384.79898,227.57132,394.10574,219.37527
64,0.0,0.0,0.0,0.0,0.0,0.0,388.3498,109.208145,399.27747,110.07646,382.47375,123.79878,400.95,126.581856,0.0,0.0,402.06714,145.07216,0.0,0.0,0.0,0.0,378.847,166.39818,392.83646,167.78151,383.5976,197.26306,406.8206,193.24284,384.97134,227.4457,398.7004,221.83011
65,0.0,0.0,0.0,0.0,0.0,0.0,391.26935,110.47122,401.50867,110.921265,385.602,124.33001,402.64236,127.73744,0.0,0.0,403.9958,146.4237,0.0,0.0,404.45233,164.49704,382.42386,165.6365,395.59973,167.48387,385.83325,196.77649,409.2331,193.8549,385.83487,227.91786,406.04642,225.19795
66,0.0,0.0,0.0,0.0,0.0,0.0,392.96423,109.64153,403.0852,110.96396,387.01678,124.44481,403.87094,128.5821,0.0,0.0,406.0658,147.86601,0.0,0.0,406.06036,165.27179,383.75757,165.74974,396.9325,167.6648,385.91718,196.92223,409.64914,194.18452,385.41547,228.12616,412.16614,225.94304
67,0.0,0.0,0.0,0.0,0.0,0.0,395.08008,110.03502,405.21844,111.248985,388.98987,125.15079,405.82336,129.1853,0.0,0.0,408.10236,148.86568,0.0,0.0,408.69373,166.7775,385.49106,165.6121,398.25476,167.3925,386.63354,197.46227,410.40375,194.61623,385.52032,227.6027,417.3707,225.87688
68,0.0,0.0,0.0,0.0,0.0,0.0,0.0,0.0,408.385,111.56134,391.4773,125.08752,409.5122,129.59624,0.0,0.0,410.6394,148.75833,0.0,0.0,410.6394,166.79323,388.09576,165.66605,400.49475,167.92041,388.09576,198.35431,411.76657,196.09995,385.8414,227.66101,421.9112,225.40666
69,0.0,0.0,0.0,0.0,0.0,0.0,0.0,0.0,410.44357,113.390175,393.3585,125.564285,411.46484,130.50215,0.0,0.0,412.01288,150.33405,0.0,0.0,413.48273,168.14766,390.05777,166.29637,403.2158,168.50316,390.5733,198.21173,414.24567,197.11006,386.16776,227.39262,421.95685,225.72218
70,0.0,0.0,0.0,0.0,0.0,0.0,0.0,0.0,413.72037,113.07645,396.75464,126.64902,414.8514,131.17322,0.0,0.0,415.98245,150.40102,0.0,0.0,417.11353,168.49779,393.3615,165.10463,405.80304,168.49779,392.23047,197.90501,417.11353,196.77397,386.57523,227.31224,422.76874,227.31224
71,0.0,0.0,0.0,0.0,0.0,0.0,0.0,0.0,415.9039,114.07368,398.94006,126.51383,417.03482,129.9066,0.0,0.0,418.16574,150.26321,0.0,0.0,418.16574,168.35797,396.67822,166.09613,410.2493,168.35797,395.5473,196.63106,419.29666,195.50014,387.63083,226.03503,424.9513,227.16597
72,0.0,0.0,0.0,0.0,0.0,0.0,0.0,0.0,418.7177,115.04651,401.6007,126.457825,419.85883,131.02235,0.0,0.0,419.85883,150.42159,0.0,0.0,0.0,0.0,399.31845,166.39745,413.01202,168.6797,400.4596,196.06686,422.14108,194.92574,389.04828,222.3129,425.56448,226.87743
73,0.0,0.0,0.0,0.0,0.0,0.0,0.0,0.0,421.99866,113.76225,403.6266,126.02559,421.99335,130.41524,400.87302,141.57014,422.5147,151.01187,0.0,0.0,421.54657,166.45631,401.99088,165.92616,414.78363,168.76299,402.50986,197.11482,423.6608,194.38046,390.85715,221.06905,425.3391,226.63588
74,0.0,0.0,0.0,0.0,0.0,0.0,0.0,0.0,424.6345,113.32031,406.19992,125.22771,424.6386,130.66441,400.77026,140.06334,425.7169,150.8756,0.0,0.0,423.97882,164.20076,404.71246,165.64236,417.3661,167.51584,407.98114,196.84122,425.7169,195.71626,394.62463,217.44676,425.717,227.1881
75,0.0,0.0,0.0,0.0,0.0,0.0,416.3148,112.55545,427.7656,113.668,408.59467,124.69136,427.38153,130.23924,401.94452,139.4413,429.24973,150.49364,0.0,0.0,426.45947,160.39046,406.38043,163.3234,419.66888,165.55185,412.26767,195.42894,427.02356,195.0815,399.02295,214.96126,425.5509,227.13332
76,0.0,0.0,0.0,0.0,0.0,0.0,0.0,0.0,429.38406,112.85784,410.0926,124.38718,429.55426,130.26662,403.6547,139.80405,432.1311,151.38078,0.0,0.0,0.0,0.0,408.27905,163.64688,421.6869,166.60712,415.98444,193.9879,428.4478,196.0146,402.93445,213.60518,426.07318,227.19594
77,0.0,0.0,0.0,0.0,0.0,0.0,0.0,0.0,431.08746,112.49387,411.7976,123.970474,431.63394,129.55307,404.7478,139.41333,434.97754,151.07445,0.0,0.0,0.0,0.0,410.12402,163.84354,423.87622,165.94765,418.24658,193.37108,429.23694,195.62486,407.89386,213.01292,426.27197,226.94258
78,0.0,0.0,0.0,0.0,0.0,0.0,0.0,0.0,432.9798,112.84149,413.13376,124.25198,433.00906,129.276,406.18262,139.32068,436.98718,150.47928,0.0,0.0,0.0,0.0,412.30707,164.11137,426.02588,166.38069,420.3971,193.46718,429.90222,195.7336,410.6132,214.40405,426.25574,226.69421
79,0.0,0.0,0.0,0.0,0.0,0.0,0.0,0.0,434.65912,111.89839,414.82935,123.74454,435.80493,128.6905,407.56567,138.99602,440.38318,150.44737,0.0,0.0,0.0,0.0,413.68762,162.27637,427.7774,164.60536,421.30212,190.47533,430.4709,192.81607,415.58295,214.53108,426.2619,225.97931
80,0.0,0.0,0.0,0.0,0.0,0.0,0.0,0.0,436.39404,111.94912,415.94946,124.22972,437.22253,129.27486,409.95428,139.35097,442.25012,150.8238,0.0,0.0,433.29724,155.57314,415.3953,163.38727,429.66556,164.79195,420.9673,190.01514,430.5,192.51877,418.75842,217.08432,426.03964,225.54199
81,0.0,0.0,0.0,0.0,0.0,0.0,0.0,0.0,437.18488,112.20908,417.46875,124.15381,438.26242,129.00377,411.0743,142.38379,443.81,150.29153,0.0,0.0,434.3241,155.86395,417.22647,163.58704,431.17535,164.23578,422.7503,192.13051,430.96567,193.26366,422.49072,222.51036,426.31293,225.85002
82,0.0,0.0,0.0,0.0,0.0,0.0,427.76556,110.50443,438.8346,112.16214,419.11023,125.12383,439.05362,129.27673,411.404,144.14156,445.41473,150.76949,0.0,0.0,435.99896,156.4394,419.76782,164.33817,433.13403,164.79535,428.76895,193.05107,432.45728,193.95451,427.60626,222.94043,426.12503,226.38635
83,0.0,0.0,0.0,0.0,0.0,0.0,0.0,0.0,440.3412,112.25196,420.00934,125.39545,440.79492,129.92236,414.36566,143.98035,446.4577,150.71085,0.0,0.0,436.94922,155.79881,420.89804,163.80034,433.34042,164.08922,431.05884,193.67366,433.1006,194.3609,434.0171,222.61334,426.09442,227.13304
84,0.0,0.0,0.0,0.0,0.0,0.0,430.89417,110.962036,442.258,112.50543,422.2651,124.97059,443.01016,129.48491,416.92938,143.53177,448.281,150.98906,416.03693,159.05217,0.0,0.0,422.27185,164.15918,435.82892,164.54655,432.82352,193.97078,433.54767,194.37804,438.48535,222.64919,426.79224,226.40346
85,0.0,0.0,0.0,0.0,0.0,0.0,432.0562,111.45881,443.23904,113.27879,422.38165,125.56172,443.60156,130.04068,417.91373,143.07211,448.82776,151.65855,416.31485,160.62973,0.0,0.0,422.39862,165.02385,436.53198,165.75926,433.55933,194.78188,433.9192,195.53983,440.6156,223.4519,426.48032,226.43697
86,0.0,0.0,0.0,0.0,0.0,0.0,433.08252,111.78361,445.0946,113.62761,424.46265,125.64255,445.83188,130.14629,419.54758,143.2185,450.72107,151.15483,0.0,0.0,0.0,0.0,422.97583,164.27013,437.2162,165.02107,434.9665,195.03227,435.33203,195.4024,442.4649,223.87218,426.3352,225.774
87,0.0,0.0,0.0,0.0,0.0,0.0,433.8879,111.401695,445.58826,113.2785,425.45465,125.71631,447.07178,130.45535,420.60107,142.88396,451.4704,151.34575,0.0,0.0,0.0,0.0,424.01123,164.88667,439.377,165.98438,435.6996,195.64085,437.1588,196.00589,443.3969,225.29771,426.17624,225.29857
88,0.0,0.0,0.0,0.0,0.0,0.0,435.56595,111.03752,446.84808,112.72083,426.4146,126.14296,448.58722,130.62726,422.2539,143.0482,452.6535,151.4973,0.0,0.0,0.0,0.0,427.2364,165.7557,441.1057,166.63644,437.27682,196.49553,439.84637,196.04,444.10953,225.69757,427.0654,223.9717
89,0.0,0.0,0.0,0.0,0.0,0.0,436.57504,110.721855,448.03076,112.206375,428.56915,126.03738,449.9728,130.35576,425.38617,143.0713,454.08585,151.10641,0.0,0.0,0.0,0.0,429.17798,165.54662,442.39032,166.63606,437.8994,196.50966,444.7612,196.2456,444.33813,225.66035,428.35132,222.21513
90,0.0,0.0,0.0,0.0,0.0,0.0,437.77145,110.18335,448.65012,111.664474,429.431,125.32961,451.18796,129.37955,0.0,0.0,454.62677,149.87292,0.0,0.0,0.0,0.0,429.41022,165.22539,443.29797,166.10127,438.40717,195.11113,448.66467,195.55101,443.2998,224.80237,433.0626,219.86656
91,0.0,0.0,0.0,0.0,0.0,0.0,438.9551,110.132645,450.1305,110.62096,430.5995,125.08068,452.6684,128.66873,0.0,0.0,455.48383,149.00267,0.0,0.0,0.0,0.0,430.30957,166.27533,444.81146,167.0246,437.18347,195.45457,452.6737,196.214,442.52292,224.46251,435.88507,218.1184
92,0.0,0.0,0.0,0.0,0.0,0.0,439.92096,109.95364,450.6502,110.9036,432.30405,124.5867,453.6742,128.61385,428.7815,140.89204,456.68756,148.96841,0.0,0.0,0.0,0.0,431.0082,165.3935,445.6421,166.39452,438.3098,195.06514,455.6261,195.68024,442.62488,223.39891,438.9498,216.73332
93,0.0,0.0,0.0,0.0,0.0,0.0,440.99176,109.778755,452.234,110.58656,434.0488,125.01724,454.88794,128.20995,430.3735,140.77881,457.84082,149.64508,0.0,0.0,0.0,0.0,432.45416,164.59601,446.3701,166.15837,439.11548,194.7927,457.8338,194.77902,442.86993,223.6482,442.33926,216.17184
94,0.0,0.0,0.0,0.0,0.0,0.0,442.8223,109.05704,453.89792,110.691986,435.31586,124.6532,456.5881,128.14261,430.96936,141.77081,459.01764,149.7495,0.0,0.0,0.0,0.0,433.8123,165.52388,447.98364,167.03987,440.16217,195.04231,459.56158,194.48601,443.6071,226.27446,447.71494,217.92873
95,0.0,0.0,0.0,0.0,0.0,0.0,444.09702,109.49423,454.68033,111.14302,436.11002,124.4375,457.43994,128.47606,430.37683,141.79678,460.21255,149.9766,0.0,0.0,0.0,0.0,435.43634,165.84612,449.33395,166.53218,440.3325,195.36716,460.08472,194.11101,443.38058,225.44171,452.21445,220.99637
96,0.0,0.0,0.0,0.0,0.0,0.0,446.02008,109.746445,457.19415,111.201416,437.52792,124.71881,459.51385,129.36813,432.04755,141.13463,461.8117,151.1264,0.0,0.0,0.0,0.0,435.87604,165.5609,451.2629,167.0219,441.31876,196.54634,460.54156,193.16496,444.49203,226.95842,456.74008,222.52757
97,0.0,0.0,0.0,0.0,0.0,0.0,447.47958,109.958115,458.67548,111.451996,439.2846,124.72557,460.78494,129.16566,431.63626,139.19215,462.8995,150.24892,0.0,0.0,0.0,0.0,437.4185,165.65727,452.5672,166.71992,441.5847,196.86888,461.2153,194.51302,443.68216,226.57033,461.40616,224.44954
98,0.0,0.0,0.0,0.0,0.0,0.0,448.62018,110.45773,460.44482,111.5307,440.41928,124.03653,462.06735,129.42516,432.69852,139.58612,464.1571,150.04317,0.0,0.0,0.0,0.0,438.2213,163.16457,453.73996,165.0484,441.47076,196.55156,461.27692,195.35332,443.5675,225.82402,466.25043,225.77623
99,0.0,0.0,0.0,0.0,0.0,0.0,450.73016,109.97323,462.13416,111.268654,441.9144,124.48441,463.92886,129.88493,432.65536,139.4026,466.234,149.77342,0.0,0.0,0.0,0.0,439.61032,165.06972,455.66132,166.13359,442.431,196.64903,462.89005,195.47308,443.78394,225.64964,468.31232,226.48839
100,0.0,0.0,0.0,0.0,0.0,0.0,453.27026,109.885956,464.83643,110.96564,443.51636,124.368225,466.64117,130.12836,433.02173,138.84889,467.73383,150.0106,0.0,0.0,0.0,0.0,440.95108,163.80263,456.8673,165.59541,443.11694,196.41695,463.76733,195.57643,443.52167,226.0015,469.14667,226.7047
101,0.0,0.0,0.0,0.0,0.0,0.0,455.20767,111.087585,467.0952,111.43584,446.16504,124.401794,468.17697,129.8309,433.5484,137.7652,469.6447,150.0059,0.0,0.0,0.0,0.0,443.32928,164.36739,458.8313,165.50035,444.74677,196.46208,464.57922,195.36714,444.39575,225.71912,469.25995,226.80504
102,0.0,0.0,0.0,0.0,0.0,0.0,456.65558,111.34029,468.00885,111.6848,447.48474,123.7745,469.11707,129.28438,434.2441,137.35017,470.96075,148.73195,0.0,0.0,0.0,0.0,443.79517,162.17197,460.30402,163.65593,444.89105,195.26607,465.08636,194.8571,444.18457,225.33717,468.73413,226.44713
103,0.0,0.0,0.0,0.0,0.0,0.0,458.44287,110.327896,470.06226,112.43895,449.99768,123.71184,471.0569,130.03645,435.59906,136.40681,472.18594,149.75206,447.52148,142.37123,0.0,0.0,445.5738,160.83968,461.294,163.68909,446.49112,194.3718,466.22223,194.67082,444.0496,225.39265,469.0012,226.77339
104,0.0,0.0,0.0,0.0,0.0,0.0,461.19278,110.81757,471.21118,113.022156,452.25793,123.75499,472.30215,129.17024,438.28217,136.20703,473.3871,148.40367,449.27,142.60248,0.0,0.0,447.5255,161.20457,462.86853,163.69757,447.41623,193.98453,466.92023,194.23341,444.18103,225.37206,469.33313,226.18803
105,0.0,0.0,0.0,0.0,0.0,0.0,462.91147,109.9883,473.37827,112.25544,452.96313,123.36635,473.54672,129.33992,439.4498,136.43849,474.91864,147.91553,448.3861,143.88634,0.0,0.0,449.29102,161.91068,464.77606,164.24583,448.20618,194.3116,467.87964,194.96907,444.33347,224.57817,469.3131,226.12642
106,0.0,0.0,0.0,0.0,0.0,0.0,465.1578,110.18153,0.0,0.0,454.70428,123.66478,475.5475,129.80782,440.70062,135.48708,476.63342,148.77293,449.98096,144.03601,0.0,0.0,450.38828,163.0927,466.20847,165.8754,449.13727,194.75357,469.3656,195.58502,445.10333,224.66093,469.57275,226.06377
107,0.0,0.0,0.0,0.0,0.0,0.0,466.8439,110.079605,477.02066,112.34093,455.77997,123.39111,475.67737,128.51935,441.11887,136.2159,0.0,0.0,0.0,0.0,0.0,0.0,451.98575,162.87999,467.94205,164.87462,449.46024,194.15208,469.14484,195.20653,445.19946,224.19861,469.49582,225.31126
108,0.0,0.0,0.0,0.0,0.0,0.0,0.0,0.0,0.0,0.0,0.0,0.0,0.0,0.0,0.0,0.0,0.0,0.0,0.0,0.0,0.0,0.0,0.0,0.0,0.0,0.0,0.0,0.0,0.0,0.0,0.0,0.0,0.0,0.0
109,0.0,0.0,0.0,0.0,0.0,0.0,0.0,0.0,0.0,0.0,0.0,0.0,0.0,0.0,0.0,0.0,0.0,0.0,0.0,0.0,0.0,0.0,0.0,0.0,0.0,0.0,0.0,0.0,0.0,0.0,0.0,0.0,0.0,0.0
110,0.0,0.0,0.0,0.0,0.0,0.0,471.65067,110.70062,0.0,0.0,460.9754,124.33299,483.18365,128.72707,444.4726,138.08287,0.0,0.0,0.0,0.0,0.0,0.0,453.374,166.38167,471.24225,167.03435,450.79437,195.84547,470.8159,196.40543,447.79034,223.4165,470.1092,225.50856
111,0.0,0.0,0.0,0.0,0.0,0.0,472.6736,111.28112,0.0,0.0,460.6491,124.091675,482.33313,130.37451,443.22617,136.85974,0.0,0.0,0.0,0.0,0.0,0.0,453.83182,165.57585,472.28082,167.06902,451.72455,195.70766,471.06863,196.52388,450.59238,223.27193,469.85336,225.88303
112,0.0,0.0,0.0,0.0,0.0,0.0,472.3949,111.275314,0.0,0.0,462.27795,124.68765,482.67392,129.56058,443.2839,136.36095,0.0,0.0,437.78012,156.63884,0.0,0.0,455.866,165.21686,472.51013,166.5735,452.24988,195.77724,471.20486,195.58267,451.088,222.75552,470.13824,226.13583
113,0.0,0.0,0.0,0.0,0.0,0.0,473.85162,111.446815,0.0,0.0,463.03665,124.082565,483.39478,132.73619,443.94415,136.28392,0.0,0.0,0.0,0.0,0.0,0.0,454.85608,166.27684,472.2533,167.87253,451.95084,195.83853,471.4921,196.89163,446.87384,223.84042,470.16446,226.70381
114,0.0,0.0,0.0,0.0,0.0,0.0,473.58136,112.083496,0.0,0.0,463.40805,124.17764,484.2706,133.00931,445.8184,135.61816,0.0,0.0,0.0,0.0,0.0,0.0,456.27637,165.85695,472.3815,167.34485,452.93494,194.97832,471.30432,196.21083,444.974,222.29866,470.02554,226.55644
115,0.0,0.0,0.0,0.0,0.0,0.0,474.35437,111.95548,0.0,0.0,464.6513,123.82126,484.7268,133.04504,447.3603,134.1495,0.0,0.0,0.0,0.0,0.0,0.0,457.16034,166.16768,473.8197,167.99457,453.31686,195.41156,471.9809,196.63417,446.00058,223.26611,469.969,226.56335
116,0.0,0.0,0.0,0.0,0.0,0.0,474.92645,112.01799,485.7499,113.82138,464.92065,123.87935,485.77515,132.82593,448.57947,134.44772,0.0,0.0,0.0,0.0,0.0,0.0,457.2715,166.11072,474.3248,167.77547,454.28488,195.62633,471.96362,196.51283,450.16068,223.15584,470.16537,226.15408
117,0.0,0.0,0.0,0.0,0.0,0.0,474.8419,112.15706,486.03946,114.33628,465.33774,123.75624,486.44687,132.45938,448.93884,134.1555,483.6062,148.54616,0.0,0.0,0.0,0.0,458.1289,164.25412,474.89304,166.5935,455.19434,195.11386,472.7275,195.70491,451.03134,224.37085,470.26797,226.80887
118,0.0,0.0,0.0,0.0,0.0,0.0,475.08417,112.04062,486.38297,113.793915,465.5864,123.78472,486.5163,132.33763,448.66403,134.55402,484.37805,148.77393,0.0,0.0,0.0,0.0,457.64627,164.41533,474.52716,166.1265,456.5715,195.45,472.8089,195.70235,450.18613,224.23949,470.54187,226.7969
119,0.0,0.0,0.0,0.0,0.0,0.0,475.49692,112.11457,486.45877,114.25694,465.95038,123.69577,487.47723,132.0546,448.70572,134.71373,485.21896,149.3598,0.0,0.0,0.0,0.0,458.07343,165.49539,475.10504,167.25212,457.72855,195.79033,473.06958,196.44273,450.44702,223.91081,470.39294,227.01808
120,0.0,0.0,0.0,0.0,0.0,0.0,477.03787,111.62606,487.208,113.86193,466.64987,123.45355,488.0334,131.65971,450.90616,133.80472,485.86774,149.10954,0.0,0.0,0.0,0.0,459.8589,164.6977,475.91092,167.04153,458.59564,194.7523,474.87744,196.2808,451.5136,224.29526,470.38095,227.15503
121,0.0,0.0,0.0,0.0,0.0,0.0,476.94806,112.35744,487.6748,114.147964,467.04572,123.83769,488.44263,132.17958,451.9046,134.79655,486.27527,149.59537,0.0,0.0,0.0,0.0,460.5403,165.04576,476.1482,167.37086,458.09918,194.42511,474.1761,196.7314,451.74536,224.41786,470.79807,226.74611
122,0.0,0.0,0.0,0.0,0.0,0.0,477.56836,111.789406,487.45654,113.58038,466.94687,123.63856,488.61472,131.66289,452.17355,135.36151,485.78613,149.66302,445.94516,157.9553,0.0,0.0,460.51047,163.41985,476.2222,165.70891,456.6481,192.61458,473.95105,195.11633,451.9944,224.13522,470.3432,226.59909
123,0.0,0.0,0.0,0.0,0.0,0.0,478.42572,111.26537,487.80322,113.78065,467.6202,123.5757,489.01306,131.38399,453.28668,136.03743,486.2765,149.47104,0.0,0.0,0.0,0.0,460.68362,164.26814,476.66333,166.22769,455.7364,193.29916,473.88855,195.55528,451.71057,223.0442,470.6752,225.45378
124,0.0,0.0,0.0,0.0,0.0,0.0,478.59885,111.62631,488.78104,113.92334,468.6192,123.396706,489.39444,131.89969,454.4826,134.92545,486.60803,150.36926,0.0,0.0,0.0,0.0,458.85504,164.96776,474.8402,166.56624,455.69385,194.6158,474.01663,196.57773,451.44684,223.88866,470.5282,226.77895
125,0.0,0.0,0.0,0.0,0.0,0.0,478.44043,111.62272,488.71826,114.29807,468.22034,123.94153,489.4487,132.30498,454.34366,135.73045,486.0347,151.4751,0.0,0.0,0.0,0.0,458.59454,165.1493,474.09946,167.12886,456.23898,194.29877,473.76202,196.57869,451.78546,223.62404,470.83325,226.6809
126,0.0,0.0,0.0,0.0,0.0,0.0,478.48547,111.73262,489.21924,113.884384,468.39212,123.497345,489.71967,132.01234,454.79584,136.06546,486.52533,151.2144,0.0,0.0,0.0,0.0,458.791,165.02821,474.57654,166.47643,456.7057,194.55742,473.9711,196.99982,451.70447,223.07497,471.4683,226.60872
127,0.0,0.0,0.0,0.0,0.0,0.0,478.06155,110.79473,489.30322,114.02995,466.47565,124.34448,489.81412,131.66203,454.408,138.3225,486.87988,151.97754,447.28934,158.25093,0.0,0.0,459.4391,164.39046,475.17108,166.14714,456.79868,194.2031,473.541,196.18274,450.8161,221.47786,471.46106,226.04362
128,0.0,0.0,0.0,0.0,0.0,0.0,478.5535,110.31975,490.47925,113.79768,467.64606,122.52155,490.2093,131.53078,454.9372,138.18666,487.5733,151.70892,446.64484,156.47636,0.0,0.0,461.3614,163.06657,476.45886,165.65776,459.7229,193.02061,475.1248,194.32774,452.91614,221.37898,473.35245,224.36263
129,0.0,0.0,0.0,0.0,0.0,0.0,480.4425,110.43303,491.2859,113.717766,469.01965,121.591934,491.05237,131.2609,455.828,138.0159,488.56213,152.09624,448.4375,155.5056,0.0,0.0,463.051,161.17023,477.28668,163.58525,463.2583,192.97046,476.47037,192.39494,470.83887,224.80309,478.11758,222.27464
130,0.0,0.0,0.0,0.0,0.0,0.0,480.3968,110.33915,491.6903,113.2038,469.31757,122.54631,492.03073,131.2266,455.98718,138.01913,488.80432,152.50475,449.73706,154.16661,0.0,0.0,463.95227,161.89026,477.9579,164.00352,465.7829,193.26826,476.46356,193.1736,469.96408,224.91368,476.72406,222.72565
131,0.0,0.0,0.0,0.0,0.0,0.0,481.38654,110.709854,491.84323,113.256714,470.61838,123.21528,492.14185,131.47722,456.07727,138.83025,489.63214,152.62361,0.0,0.0,0.0,0.0,463.4542,161.65318,477.08832,164.12503,466.72705,192.39687,477.73248,192.38686,469.95657,224.31583,476.36584,222.85414
132,0.0,0.0,0.0,0.0,0.0,0.0,483.14978,110.11572,494.18423,113.09442,472.01196,123.9098,493.3241,131.41805,456.65082,138.63246,490.9723,152.63124,0.0,0.0,0.0,0.0,463.56335,161.53288,477.8749,164.42546,467.1256,191.62508,478.93365,192.2378,466.76398,221.71147,477.3799,222.7765
133,0.0,0.0,0.0,0.0,0.0,0.0,483.40768,110.976166,494.62766,113.63763,472.4277,123.91717,494.16138,131.823,457.60202,139.34064,492.0719,152.7205,451.71774,154.23796,0.0,0.0,464.50714,162.41634,478.38995,165.29141,468.78827,192.05133,479.13226,192.59962,467.40863,222.14153,477.4609,222.95059
134,0.0,0.0,0.0,0.0,0.0,0.0,483.64053,111.295784,494.87558,113.93204,473.09424,124.33347,494.85922,132.15036,457.16852,140.1386,493.0699,152.36896,0.0,0.0,0.0,0.0,465.47943,162.227,479.1336,165.3592,469.88226,192.04752,478.99423,193.342,470.42368,220.64973,475.6678,223.37718
135,0.0,0.0,0.0,0.0,0.0,0.0,483.76813,112.21502,495.08624,114.27823,473.25928,125.38036,495.34952,132.59676,457.30176,140.42236,493.87253,152.77432,455.89215,160.40358,0.0,0.0,466.14,162.41646,480.46497,165.0973,470.77316,192.64856,478.5376,193.09746,471.8292,221.83907,473.72565,223.82869
136,0.0,0.0,0.0,0.0,0.0,0.0,485.3426,112.1112,495.93115,113.78709,474.3745,126.29226,496.65594,132.34258,457.13007,141.66377,495.29172,152.85399,0.0,0.0,0.0,0.0,467.3608,162.58907,482.1785,165.33147,471.90036,192.1736,479.3435,193.2402,473.26797,221.38722,472.3814,224.14882
137,0.0,0.0,0.0,0.0,0.0,0.0,486.13898,112.27267,497.00357,114.21111,475.1111,126.66191,497.53812,132.97127,458.10663,143.25261,496.78653,153.25441,0.0,0.0,0.0,0.0,469.80048,163.20784,483.90848,165.7599,474.01172,192.77312,479.0454,194.19948,474.0092,221.1565,470.55093,225.42253
138,0.0,0.0,0.0,0.0,0.0,0.0,487.24988,111.71065,498.37225,113.67554,475.70892,126.589,498.91144,132.36905,458.9198,143.70883,498.51617,153.04314,0.0,0.0,0.0,0.0,471.10956,164.19173,483.92145,165.8985,476.47787,194.75262,478.8416,195.43497,477.40018,222.30801,471.05145,225.95459
139,0.0,0.0,0.0,0.0,0.0,0.0,487.95364,112.10612,499.26917,114.23724,477.09778,127.10554,499.76102,132.13037,459.62503,144.64262,500.41605,153.01892,0.0,0.0,0.0,0.0,472.6881,164.80443,486.70193,166.3401,477.62585,195.20833,480.33728,195.38933,479.27313,222.58105,471.49765,224.99387
140,0.0,0.0,0.0,0.0,0.0,0.0,489.36945,111.652855,501.09076,113.84222,478.22247,127.48419,501.88702,132.87083,463.1577,144.25572,502.42288,153.25125,0.0,0.0,0.0,0.0,474.45334,166.58006,489.3985,167.94237,475.47876,195.9543,484.91333,195.06184,472.419,224.51299,488.7518,222.27031
141,0.0,0.0,0.0,0.0,0.0,0.0,490.9415,112.29244,502.274,113.95249,480.33865,127.835464,503.9221,133.13725,470.08203,145.47816,504.2766,153.78404,0.0,0.0,0.0,0.0,477.42444,167.65927,490.5517,168.60727,476.24707,196.15068,485.25687,195.34181,472.48172,224.86687,494.357,222.20465
142,0.0,0.0,0.0,0.0,0.0,0.0,493.06882,112.59539,504.44604,113.91148,483.0102,127.89711,506.18378,133.36516,472.51773,143.56676,507.05957,154.35828,0.0,0.0,0.0,0.0,479.74634,166.76334,492.62704,167.88017,494.1684,194.62471,481.48257,195.90102,499.42435,222.5694,472.4923,223.90816
143,0.0,0.0,0.0,0.0,0.0,0.0,495.43787,113.21123,506.33624,115.02925,485.66574,128.11046,508.13834,133.16045,474.422,141.87196,509.22107,154.93352,0.0,0.0,0.0,0.0,483.12677,166.12476,496.2021,168.6733,496.6309,194.7925,483.02484,194.77745,502.0428,222.78502,473.77454,223.32886
144,0.0,0.0,0.0,0.0,0.0,0.0,496.85675,113.56141,508.58978,114.993744,487.58716,128.17278,510.00922,133.459,476.99643,142.70848,510.7045,154.77902,0.0,0.0,0.0,0.0,485.12738,165.31905,498.99023,167.17262,498.44946,194.81523,486.58588,194.52382,503.9241,224.09242,473.33624,222.27925
145,0.0,0.0,0.0,0.0,0.0,0.0,499.2823,113.86092,510.59024,114.866714,490.51855,128.99586,512.3756,133.87366,480.32355,143.78212,513.1131,153.37337,0.0,0.0,0.0,0.0,488.21802,167.71114,501.3036,169.56657,499.65137,195.26003,492.9231,195.6649,505.11377,225.08128,475.33307,220.97197
146,0.0,0.0,0.0,0.0,0.0,0.0,500.9606,113.65964,512.353,114.753845,492.5873,128.87796,514.1906,133.09953,482.63364,144.78125,515.22485,154.32014,0.0,0.0,0.0,0.0,489.9601,168.01036,503.49435,170.21873,501.6858,198.10342,503.82495,198.0018,505.6153,225.72235,505.75534,226.28468
147,0.0,0.0,0.0,0.0,0.0,0.0,0.0,0.0,514.03534,114.79541,495.4844,129.01375,515.611,132.33807,485.54608,145.02922,0.0,0.0,0.0,0.0,0.0,0.0,494.21533,165.81631,507.70145,167.12323,503.4872,195.45868,505.38104,195.6245,505.73492,224.68251,486.53815,216.10014
148,0.0,0.0,0.0,0.0,0.0,0.0,0.0,0.0,0.0,0.0,497.7248,128.55728,516.3142,131.90303,487.6845,144.34464,0.0,0.0,0.0,0.0,0.0,0.0,496.68387,166.20311,507.87085,167.46056,505.9577,196.42026,507.50146,195.6381,506.2758,224.3639,490.03876,214.55827
